((("item" .
   [1 0 0 0])
  ("time" .
   [1 0 0 0])
  ("lambda" .
   [1 0 0 0 0 0])
  ("flyspell-prog-mode" .
   [0 0 0 0 0 0 0 0 0 0 0 0 1 0 0 0 0 0])
  ("prog-mode-hook" .
   [1 0 0 0 0 0 0 0 0 0 0 0 0 0])
  ("progn" .
   [1 0 0 0 0])
  (":defer" .
   [1 0 0 0 0 0])
  ("flyspell" .
   [1 0 0 0 0 0 0 1])
  ("go-guru-hl-identifier-mode" .
   [0 0 0 0 0 0 0 0 0 0 0 0 0 1 0 0 0 0 0 0 0 0 0 0 0 0])
  ("go-mode-hook" .
   [1 0 0 0 0 0 0 0 0 0 0 0])
  ("add-hook" .
   [2 0 0 0 0 0 0 1])
  (":commands" .
   [1 0 0 0 0 0 0 0 0])
  ("go-guru" .
   [1 0 0 0 0 0 0])
  ("use-package" .
   [2 0 0 0 0 0 0 0 0 0 0])
  ("size" .
   [2 0 0 0])
  ("print_bytes" .
   [0 0 0 0 0 0 0 0 2 0 0])
  ("memcpy" .
   [3 0 0 0 3 0])
  ("joinResp" .
   [2 0 0 0 0 0 0 0])
  ("JOINRESP" .
   [0 0 0 0 0 1 0 1])
  ("JOINREQ" .
   [0 0 0 0 0 0 2])
  ("switch" .
   [0 0 0 1 0 0])
  ("copy" .
   [6 0 0 0])
  ("free" .
   [1 0 0 1])
  ("malloc" .
   [1 0 0 0 0 0])
  ("r" .
   [3])
  ("req" .
   [7 0 0])
  ("hearbeat" .
   [0 0 0 0 0 0 0 1])
  ("h" .
   [1])
  ("p" .
   [1])
  ("heartbeat" .
   [3 0 0 0 0 0 0 0 0])
  ("JoinRequest" .
   [2 0 0 1 1 0 0 1 0 0 2])
  ("t" .
   [1])
  ("joinReq" .
   [3 0 0 0 0 0 2])
  ("to_string" .
   [2 0 0 0 0 0 0 0 0])
  ("id" .
   [5 0])
  ("port" .
   [5 0 0 0])
  ("address" .
   [2 0 0 0 0 0 0])
  ("Address" .
   [5 0 0 0 0 0 0])
  ("Fragment" .
   [0 0 0 1 1 0 0 0])
  ("continue" .
   [0 0 0 0 0 1 0 0])
  ("Stderr" .
   [1 0 0 0 0 0])
  ("Fprintf" .
   [1 0 0 0 0 0 0])
  ("Err" .
   [1 0 0])
  ("Text" .
   [1 0 0 0])
  ("Scan" .
   [1 0 0 0])
  ("NewScanner" .
   [0 0 0 0 0 1 0 0 0 0])
  ("bufio" .
   [1 0 0 0 0])
  ("Parse" .
   [1 0 0 0 0])
  ("usage" .
   [1 0 0 0 0])
  ("Usage" .
   [1 0 0 0 1])
  ("Join" .
   [6 0 0 0])
  ("NewReader" .
   [1 0 0 0 0 0 0 0 0])
  ("PrintDefaults" .
   [0 0 0 0 0 0 0 1 0 0 0 0 0])
  ("printURL" .
   [1 0 0 0 0 0 0 0])
  ("scanner" .
   [7 0 0 0 0 0 0])
  ("strings" .
   [3 0 0 0 0 0 0])
  ("Reader" .
   [2 0 0 0 0 0])
  ("io" .
   [2 0])
  ("reader" .
   [5 0 0 0 0 0])
  ("Args" .
   [3 0 0 1])
  ("flag" .
   [7 0 0 0])
  ("i" .
   [2])
  ("resp" .
   [3 0 0 0])
  ("Stdin" .
   [1 0 0 2 0])
  ("os" .
   [6 0])
  ("NewNotification" .
   [0 0 0 0 0 1 0 0 0 0 0 0 0 0 0])
  ("exit" .
   [6 0 0 0])
  ("fmt" .
   [6 0 0])
  ("error" .
   [1 0 0 0 0])
  ("n" .
   [2])
  ("Notification" .
   [0 0 0 0 1 0 0 0 0 0 0 0])
  ("msg" .
   [13 1 0])
  ("Transalte" .
   [0 0 0 0 1 0 0 0 1])
  ("SGMailV3" .
   [0 0 1 0 0 0 0 0])
  ("sgmail" .
   [1 0 0 0 0 0])
  ("sg" .
   [4 0])
  ("into" .
   [1 0 0 0])
  (":init" .
   [3 0 0 0 0])
  (":ensure" .
   [2 0 0 0 0 1 0])
  ("b64decode" .
   [0 0 0 0 0 1 0 0 0])
  ("kdecode" .
   [1 0 0 0 0 0 0])
  ("puts" .
   [4 0 0 0])
  ("records" .
   [2 0 0 0 0 0 0])
  ("Println" .
   [4 0 1 0 0 1 2])
  ("log" .
   [6 0 0])
  ("String" .
   [3 0 0 0 0 0])
  ("Id" .
   [1 0])
  ("score" .
   [1 0 0 1 0])
  ("jobs" .
   [1 0 0 0])
  ("job" .
   [1 0 0])
  ("Scores" .
   [1 0 0 0 0 0])
  ("scores" .
   [2 0 0 0 0 0])
  ("s" .
   [8])
  ("go-get" .
   [1 0 0 0 0 0])
  ("date" .
   [2 0 0 0])
  ("+%Y%m%d" .
   [1 0 0 0 0 0 0])
  ("aws" .
   [2 0 0])
  ("s3" .
   [1 0])
  ("ls" .
   [2 0])
  ("fpath" .
   [1 0 0 0 0])
  ("key" .
   [3 0 0])
  ("bucket" .
   [1 0 0 0 0 1])
  ("awk" .
   [1 0 0])
  ("pat" .
   [1 0 0])
  ("file_pattern" .
   [0 0 0 0 0 0 1 0 0 0 0 0])
  ("get_latest_file" .
   [0 0 0 0 0 0 0 0 1 0 0 0 0 0 0])
  ("fpattern" .
   [0 0 0 0 0 1 0 0])
  ("Header" .
   [1 0 0 0 0 0])
  ("Get" .
   [1 0 0])
  ("tos" .
   [1 0 0])
  ("sbj" .
   [1 0 0])
  ("mail" .
   [1 0 0 0])
  ("string" .
   [2 0 0 0 1 0])
  ("nil" .
   [8 0 0])
  ("err" .
   [26 0 0])
  ("Error" .
   [2 0 0 0 0])
  ("GOPATH/src/github.com/SEEK-Jobs/" .
   [0 0 0 0 0 0 0 0 0 0 0 0 0 0 0 0 0 0 0 0 0 1 0 0 0 0 0 0 0 0 0 0])
  ("Lock" .
   [2 0 0 1])
  ("Unlock" .
   [0 0 0 0 1 2])
  ("models" .
   [4 0 0 0 0 0])
  ("SavedSearch" .
   [3 0 0 0 0 0 0 0 0 0 0])
  ("make" .
   [2 0 0 0])
  ("searches" .
   [3 0 0 0 0 0 0 0])
  ("Len" .
   [1 0 0])
  ("int" .
   [6 0 0])
  ("len" .
   [3 0 0])
  ("Swap" .
   [1 0 0 0])
  ("byID" .
   [5 0 0 0])
  ("Less" .
   [1 0 0 0])
  ("ID" .
   [3 0])
  ("bool" .
   [1 0 0 0])
  ("sort" .
   [1 0 0 0])
  ("Sort" .
   [1 0 0 0])
  ("data" .
   [15 0 0 0])
  ("got" .
   [1 0 0])
  ("model" .
   [1 0 0 0 0])
  ("ss" .
   [1 0])
  ("in" .
   [4 0])
  ("getIds" .
   [2 0 0 0 0 0])
  ("mx" .
   [9 0])
  ("sync" .
   [2 0 0 0])
  ("Mutex" .
   [1 0 0 1 0])
  ("m" .
   [4])
  ("main" .
   [1 0 0 0])
  ("cout" .
   [7 0 0 0])
  ("std" .
   [13 0 0])
  ("endl" .
   [7 0 0 0])
  ("Message" .
   [10 0 0 9 5 0 1])
  ("Foo" .
   [3 0 0])
  ("tag" .
   [12 0 0])
  ("join" .
   [1 0 0 0])
  ("JOIN" .
   [1 0 0 0])
  ("FOO" .
   [1 0 0])
  ("Bar" .
   [2 0 0])
  ("BAR" .
   [1 0 0])
  ("eek" .
   [2 0 0])
  ("ook" .
   [1 0 0])
  ("one" .
   [1 0 0])
  ("delete" .
   [0 0 0 0 0 2])
  ("type" .
   [4 0 0 0])
  ("case" .
   [0 0 0 1])
  ("JoinResponse" .
   [0 0 0 0 0 0 0 2 1 0 0 0])
  ("MessageType" .
   [3 0 0 2 0 0 0 0 1 2 0])
  ("batch_id" .
   [1 0 0 0 0 0 0 1])
  ("StatusBadRequest" .
   [0 0 0 0 0 0 0 1 0 0 0 0 0 0 0 0])
  ("StatusInternalServerError" .
   [0 0 0 0 0 0 0 0 2 0 0 0 0 0 0 0 0 0 0 0 0 0 0 0 0])
  ("true" .
   [1 0 0 0])
  ("body" .
   [2 0 0 0])
  ("ioutil" .
   [0 0 0 1 0 0])
  ("Body" .
   [1 0 0 0])
  ("Printf" .
   [2 0 0 0 0 0])
  ("filepath" .
   [2 0 0 0 0 0 0 0])
  ("outDirFlag" .
   [0 0 0 0 0 0 1 0 0 0])
  ("To" .
   [1 0])
  ("Print" .
   [1 0 0 0 0])
  ("WriteHeader" .
   [0 0 0 0 0 0 1 0 0 0 0])
  ("http" .
   [1 0 0 0])
  ("BATCH_ID" .
   [2 0 0 0 0 0 0 0])
  ("batchID" .
   [1 0 0 0 0 0 0])
  ("enrichJobs" .
   [1 0 0 0 0 0 0 0 0 0])
  ("Stdout" .
   [1 0 0 0 0 0])
  ("acked" .
   [1 0 0 0 0])
  ("TestNew_IsValid" .
   [0 0 0 0 0 0 0 0 0 0 1 0 0 0 0])
  ("USAGE:" .
   [1 0 0 0 0 0])
  ("DST_TABLE" .
   [0 0 0 0 0 0 1 0 0])
  ("OPTIONS:" .
   [1 0 0 0 0 0 0 0])
  ("S3" .
   [1 0])
  ("-m" .
   [1 0])
  ("JQ_EXPR" .
   [1 0 0 0 0 0 0])
  ("jq_expr" .
   [2 0 0 0 0 0 1])
  ("s3todynamo" .
   [1 0 0 0 0 0 0 0 0 0])
  ("s3://" .
   [1 0 0 0 0])))
